3 0.4098557692307692 0.13341346153846154 0.054086538461538464 0.12740384615384615
3 0.5588942307692307 0.3918269230769231 0.054086538461538464 0.140625
1 0.28966346153846156 0.6141826923076923 0.0625 0.1346153846153846
1 0.24158653846153846 0.21995192307692307 0.054086538461538464 0.13581730769230768
2 0.2091346153846154 0.36899038461538464 0.07451923076923077 0.19831730769230768
6 0.1622596153846154 0.7319711538461539 0.07451923076923077 0.14543269230769232
6 0.41225961538461536 0.0625 0.04927884615384615 0.11538461538461539
5 0.40024038461538464 0.2932692307692308 0.056490384615384616 0.16706730769230768
4 0.33653846153846156 0.14423076923076922 0.04326923076923077 0.09375
4 0.3245192307692308 0.23076923076923078 0.04567307692307692 0.10096153846153846
4 0.2920673076923077 0.5060096153846154 0.052884615384615384 0.0985576923076923
4 0.3004807692307692 0.4014423076923077 0.04567307692307692 0.10096153846153846
4 0.38221153846153844 0.6177884615384616 0.052884615384615384 0.11298076923076923
4 0.3557692307692308 0.7415865384615384 0.05048076923076923 0.11298076923076923
4 0.48197115384615385 0.06610576923076923 0.04326923076923077 0.09615384615384616
4 0.484375 0.30288461538461536 0.04326923076923077 0.0985576923076923
7 0.6382211538461539 0.054086538461538464 0.051682692307692304 0.10817307692307693
8 0.8269230769230769 0.36538461538461536 0.07211538461538461 0.1971153846153846
7 0.8425480769230769 0.48677884615384615 0.06129807692307692 0.13341346153846154
11 0.8125 0.27884615384615385 0.07091346153846154 0.17427884615384615
12 0.7451923076923077 0.7427884615384616 0.06610576923076923 0.13942307692307693
12 0.7908653846153846 0.055288461538461536 0.056490384615384616 0.109375
9 0.8353365384615384 0.5973557692307693 0.06971153846153846 0.14302884615384615
9 0.6370192307692307 0.19831730769230768 0.051682692307692304 0.12980769230769232
10 0.5637019230769231 0.30288461538461536 0.046875 0.10216346153846154
10 0.5721153846153846 0.140625 0.04807692307692308 0.10576923076923077
10 0.7151442307692307 0.056490384615384616 0.04326923076923077 0.10576923076923077
10 0.7175480769230769 0.22115384615384615 0.04447115384615385 0.10216346153846154
10 0.7259615384615384 0.40865384615384615 0.05048076923076923 0.0985576923076923
10 0.734375 0.5144230769230769 0.051682692307692304 0.09735576923076923
10 0.7367788461538461 0.6141826923076923 0.051682692307692304 0.10576923076923077
10 0.5528846153846154 0.7307692307692307 0.052884615384615384 0.1045673076923077