8 0.8245192307692307 0.36538461538461536 0.06610576923076923 0.19471153846153846
2 0.21153846153846154 0.36899038461538464 0.07211538461538461 0.18990384615384615
11 0.8100961538461539 0.2776442307692308 0.06370192307692307 0.17067307692307693
5 0.21634615384615385 0.2980769230769231 0.06971153846153846 0.1622596153846154
9 0.8329326923076923 0.6021634615384616 0.07091346153846154 0.13581730769230768
3 0.5552884615384616 0.3918269230769231 0.055288461538461536 0.1346153846153846
3 0.4098557692307692 0.1310096153846154 0.046875 0.1346153846153846
7 0.8389423076923077 0.49038461538461536 0.056490384615384616 0.13221153846153846
9 0.6334134615384616 0.19591346153846154 0.04807692307692308 0.13221153846153846
12 0.7439903846153846 0.7427884615384616 0.06129807692307692 0.13221153846153846
7 0.8064903846153846 0.203125 0.05048076923076923 0.1310096153846154
1 0.24879807692307693 0.21153846153846154 0.04567307692307692 0.1310096153846154
1 0.29086538461538464 0.6129807692307693 0.056490384615384616 0.12980769230769232
1 0.15865384615384615 0.7331730769230769 0.07091346153846154 0.125
1 0.25841346153846156 0.06490384615384616 0.04807692307692308 0.10817307692307693
10 0.5504807692307693 0.7403846153846154 0.05048076923076923 0.10817307692307693
4 0.38100961538461536 0.6153846153846154 0.051682692307692304 0.10697115384615384
4 0.3545673076923077 0.7403846153846154 0.04927884615384615 0.10576923076923077
10 0.7367788461538461 0.515625 0.056490384615384616 0.1045673076923077
12 0.7908653846153846 0.051682692307692304 0.04807692307692308 0.10336538461538461
10 0.7379807692307693 0.6165865384615384 0.05889423076923077 0.10336538461538461
10 0.7259615384615384 0.40865384615384615 0.057692307692307696 0.10096153846153846
10 0.7139423076923077 0.05889423076923077 0.042067307692307696 0.10096153846153846
10 0.7175480769230769 0.22235576923076922 0.046875 0.09975961538461539
4 0.29086538461538464 0.5084134615384616 0.05048076923076923 0.09975961538461539
4 0.4831730769230769 0.2980769230769231 0.04567307692307692 0.0985576923076923
4 0.32211538461538464 0.22716346153846154 0.042067307692307696 0.0985576923076923
10 0.5697115384615384 0.13942307692307693 0.042067307692307696 0.0985576923076923
10 0.7235576923076923 0.3088942307692308 0.046875 0.09735576923076923
4 0.3329326923076923 0.14543269230769232 0.042067307692307696 0.09254807692307693
4 0.3401442307692308 0.06129807692307692 0.038461538461538464 0.09134615384615384
4 0.29927884615384615 0.4014423076923077 0.046875 0.10576923076923077