1 0.25961538461538464 0.15745192307692307 0.04927884615384615 0.12980769230769232
1 0.47836538461538464 0.3269230769230769 0.04807692307692308 0.12980769230769232
5 0.2920673076923077 0.41225961538461536 0.051682692307692304 0.1658653846153846
3 0.22956730769230768 0.296875 0.07211538461538461 0.1875
6 0.14903846153846154 0.7836538461538461 0.0733173076923077 0.13822115384615385
6 0.27403846153846156 0.08413461538461539 0.052884615384615384 0.11778846153846154
3 0.18389423076923078 0.5456730769230769 0.07211538461538461 0.13581730769230768
4 0.3173076923076923 0.3425480769230769 0.04326923076923077 0.10216346153846154
3 0.3942307692307692 0.34375 0.06009615384615385 0.13701923076923078
4 0.3449519230769231 0.09254807692307693 0.042067307692307696 0.09975961538461539
4 0.4230769230769231 0.17668269230769232 0.04326923076923077 0.10216346153846154
4 0.4855769230769231 0.2620192307692308 0.042067307692307696 0.1045673076923077
4 0.47115384615384615 0.4483173076923077 0.05048076923076923 0.1045673076923077
4 0.25600961538461536 0.7824519230769231 0.051682692307692304 0.11298076923076923
4 0.40024038461538464 0.5456730769230769 0.04807692307692308 0.10817307692307693
4 0.4567307692307692 0.6670673076923077 0.052884615384615384 0.11057692307692307
9 0.6478365384615384 0.328125 0.057692307692307696 0.1310096153846154
12 0.6526442307692307 0.7776442307692307 0.06490384615384616 0.13701923076923078
12 0.8016826923076923 0.09134615384615384 0.04807692307692308 0.11658653846153846
7 0.8137019230769231 0.1502403846153846 0.055288461538461536 0.14182692307692307
7 0.8581730769230769 0.6622596153846154 0.06490384615384616 0.14182692307692307
8 0.8365384615384616 0.40865384615384615 0.07091346153846154 0.1971153846153846
10 0.5817307692307693 0.24639423076923078 0.04326923076923077 0.10216346153846154
11 0.7259615384615384 0.22115384615384615 0.0673076923076923 0.1658653846153846
10 0.5865384615384616 0.08653846153846154 0.042067307692307696 0.0985576923076923
10 0.7271634615384616 0.16346153846153846 0.042067307692307696 0.09735576923076923
10 0.7391826923076923 0.3389423076923077 0.04807692307692308 0.10216346153846154
10 0.7391826923076923 0.4375 0.052884615384615384 0.109375
10 0.7512019230769231 0.6670673076923077 0.046875 0.10096153846153846
10 0.5685096153846154 0.5540865384615384 0.04567307692307692 0.11538461538461539
10 0.5504807692307693 0.7884615384615384 0.056490384615384616 0.10817307692307693