5 0.21634615384615385 0.296875 0.06850961538461539 0.15264423076923078
2 0.2091346153846154 0.36899038461538464 0.07572115384615384 0.18629807692307693
1 0.23677884615384615 0.21394230769230768 0.054086538461538464 0.12379807692307693
1 0.19591346153846154 0.4963942307692308 0.06009615384615385 0.1310096153846154
3 0.25240384615384615 0.13701923076923078 0.056490384615384616 0.1141826923076923
3 0.17307692307692307 0.6081730769230769 0.07451923076923077 0.12259615384615384
6 0.25721153846153844 0.06610576923076923 0.04927884615384615 0.10096153846153846
6 0.15745192307692307 0.7367788461538461 0.07211538461538461 0.12620192307692307
4 0.34134615384615385 0.06370192307692307 0.042067307692307696 0.09375
4 0.33533653846153844 0.14302884615384615 0.040865384615384616 0.09615384615384616
4 0.3233173076923077 0.22596153846153846 0.042067307692307696 0.09615384615384616
4 0.3125 0.3088942307692308 0.04326923076923077 0.0985576923076923
4 0.3016826923076923 0.40384615384615385 0.04927884615384615 0.09375
4 0.28846153846153844 0.5072115384615384 0.046875 0.10576923076923077
4 0.27403846153846156 0.6153846153846154 0.05048076923076923 0.10216346153846154
4 0.2608173076923077 0.7367788461538461 0.054086538461538464 0.10216346153846154
11 0.8112980769230769 0.2776442307692308 0.06370192307692307 0.16947115384615385
8 0.8269230769230769 0.3641826923076923 0.0673076923076923 0.18870192307692307
7 0.8401442307692307 0.49038461538461536 0.056490384615384616 0.13581730769230768
7 0.8076923076923077 0.20552884615384615 0.051682692307692304 0.12980769230769232
9 0.8004807692307693 0.12740384615384615 0.054086538461538464 0.11778846153846154
9 0.8449519230769231 0.6225961538461539 0.06850961538461539 0.12980769230769232
10 0.7463942307692307 0.7403846153846154 0.056490384615384616 0.1045673076923077
10 0.7391826923076923 0.6165865384615384 0.0625 0.10336538461538461
10 0.7355769230769231 0.5144230769230769 0.052884615384615384 0.0985576923076923
10 0.7235576923076923 0.41225961538461536 0.05048076923076923 0.10096153846153846
10 0.7223557692307693 0.31009615384615385 0.052884615384615384 0.0985576923076923
10 0.7139423076923077 0.22596153846153846 0.04326923076923077 0.09375
10 0.7139423076923077 0.13942307692307693 0.04567307692307692 0.0889423076923077
10 0.7139423076923077 0.06009615384615385 0.04447115384615385 0.0985576923076923
12 0.7908653846153846 0.052884615384615384 0.04807692307692308 0.1045673076923077
12 0.8569711538461539 0.7451923076923077 0.0673076923076923 0.140625