12 0.8016826923076923 0.09014423076923077 0.05889423076923077 0.12379807692307693
8 0.8341346153846154 0.30528846153846156 0.08533653846153846 0.20192307692307693
7 0.8149038461538461 0.14783653846153846 0.057692307692307696 0.14543269230769232
11 0.6538461538461539 0.14543269230769232 0.06971153846153846 0.18269230769230768
9 0.765625 0.7884615384615384 0.08533653846153846 0.15745192307692307
10 0.7271634615384616 0.1658653846153846 0.051682692307692304 0.11177884615384616
10 0.7415865384615384 0.33774038461538464 0.05048076923076923 0.109375
10 0.7415865384615384 0.4375 0.056490384615384616 0.11298076923076923
10 0.6430288461538461 0.5625 0.06009615384615385 0.11177884615384616
2 0.22956730769230768 0.29927884615384615 0.08653846153846154 0.20552884615384615
1 0.4014423076923077 0.15865384615384615 0.052884615384615384 0.15144230769230768
6 0.42908653846153844 0.07932692307692307 0.055288461538461536 0.1346153846153846
6 0.4891826923076923 0.3425480769230769 0.06129807692307692 0.1346153846153846
3 0.7536057692307693 0.6418269230769231 0.0733173076923077 0.16466346153846154
3 0.6514423076923077 0.4375 0.06490384615384616 0.15144230769230768
4 0.5793269230769231 0.18269230769230768 0.05048076923076923 0.10817307692307693
4 0.31490384615384615 0.3425480769230769 0.046875 0.11298076923076923
4 0.47836538461538464 0.8064903846153846 0.057692307692307696 0.11778846153846154
4 0.4567307692307692 0.6658653846153846 0.056490384615384616 0.11538461538461539
4 0.39302884615384615 0.5396634615384616 0.055288461538461536 0.11778846153846154